# frozen copy of capture.out, captured 2026-10-09T21:13:16Z on the build container (AH-23)
# run  A_ms  B_ms   (A and B alternate: A1, B1, A2, B2, ...; no warm-up)
1 17.511 2.640
2 1.661 1.664
3 1.870 1.607
4 1.624 1.863
5 1.630 1.538
6 1.698 1.730
7 1.726 1.815
8 1.884 1.779
9 1.692 1.718
10 1.747 1.735
11 1.642 1.657
12 1.704 1.623
13 1.634 1.886
14 1.626 1.633
15 1.652 1.688
16 1.627 1.722
17 1.700 1.638
18 1.804 1.980
19 1.973 2.534
20 1.823 1.877
21 2.061 1.782
22 1.933 1.735
23 1.965 1.862
24 1.782 1.864
25 1.882 1.980
26 1.882 1.883
27 1.838 1.880
28 1.658 1.714
29 1.667 1.584
30 1.737 1.715
