12.1 11.8 12.4
3 1 2
250 248 251 249
0.91 0.93 0.92
7 7 7 7
1e3 1.1e3 0.9e3
4.2 4.4
12.1 11.8 n/a
12.1 11.8 12.4
3 1 2
250 248 251 249
0.91 0.93 0.92
7 7 7 7
1e3 1.1e3 0.9e3
4.2 4.4
250 248 251 249ms
12.1 11.8 12.4
3 1 2
250 248 251 249
0.91 0.93 0.92
7 7 7 7
1e3 1.1e3 0.9e3
0.91 nan 0.92
18 19 17 20 18
12.1 11.8 12.4
3 1 2
250 248 251 249
0.91 0.93 0.92
7 7 7 7
4.2 4,4
4.2 4.4
18 19 17 20 18
12.1 11.8 12.4
1e308 1e308
250 248 251 249
0.91 0.93 0.92
7 7 7 7
1e3 1.1e3 0.9e3
18 19 17 20 18ms
18 19 17 20 18
